10,262
10,98
10,230
10,186
10,156
10,72
10,134
8,6
8,16
8,13
8,4
8,5
8,12
8,2
8,3
12,3
12,2
12,1
11,29
11,28
11,27
11,26
11,25
20,2
20,1
20,3
11,24
11,23
11,22
11,21
11,20
11,19
11,18
11,17
19,2
19,1
19,3
11,16
11,15
11,14
11,13
11,12
11,11
11,10
11,9
11,8
11,7
11,6
11,4
11,3
11,2
11,1
10,313
10,312
10,311
10,310
10,309
10,308
10,307
10,306
10,301
10,300
10,296
10,288
10,284
10,259
10,254
10,242
10,236
10,235
10,223
10,220
10,212
10,207
10,172
10,171
10,162
10,158
10,152
10,147
10,136
10,125
10,117
10,116
10,99
10,91
10,90
10,81
10,79
10,78
10,73
10,34
10,33
10,32
10,18
18,1
18,3
10,10
10,3
10,2
10,1
9,7
9,6
9,5
9,4
9,3
9,2
9,1
8,17
8,1
8,10
3,3
3,2
3,1
